1771109516.238121,9406857,0,0
1771109516.357669,9406857,0,0
1771109516.476192,9406857,0,0
1771109516.597199,9406857,0,0
1771109516.716400,9406857,0,0
1771109516.836616,9406857,0,0
1771109516.956410,9406857,0,0
1771109517.074855,9406857,0,0
1771109517.198026,9406857,0,0
1771109517.317195,9406857,0,0
1771109517.436931,9406857,0,0
1771109517.557198,9406857,0,0
1771109517.676472,9406857,645030,27
1771109517.796341,9406857,714608,154
1771109517.917724,9406857,710066,236
1771109518.041595,9406857,988642,279
1771109518.161173,9406863,973502,280
1771109518.282396,9406885,990156,296
1771109518.408954,9406887,944736,288
1771109518.530251,9406887,890232,278
1771109518.653001,9406887,799392,226
1771109518.772634,9406887,814532,254
1771109518.893948,9406887,835728,261
1771109519.017288,9406887,719150,251
1771109519.138276,9406887,743374,254
1771109519.265366,9406887,778196,282
1771109519.385762,9406887,791822,266
1771109519.505640,9406887,823616,294
1771109519.626790,9406887,747916,289
1771109519.750684,9406887,790308,296
1771109519.873845,9406887,710066,283
1771109519.997218,9406887,805448,357
1771109520.117953,9406887,825000,344
1771109520.242265,9406887,850868,346
1771109520.362376,9406887,890232,372
1771109520.485897,9406887,846326,338
1771109520.609918,9406887,831186,324
1771109520.729770,9406887,879634,365
1771109520.854156,9406887,878310,314
1771109520.976873,9406887,900830,315
1771109521.097006,9406887,934138,329
1771109521.217145,9406887,961390,333
1771109521.339000,9406887,981072,336
1771109521.461745,9406892,996212,337
1771109521.581441,9406893,850868,306
1771109521.701019,9406893,869036,319
1771109521.823426,9406893,866008,307
1771109521.944655,9406893,884176,297
1771109522.064885,9406893,876606,292
1771109522.185305,9406893,904048,321
1771109522.304865,9406893,922026,315
1771109522.425800,9406893,931110,316
1771109522.549029,9406893,930000,329
1771109522.671596,9406893,961390,338
1771109522.793833,9406893,981072,322
1771109522.912486,9406893,990156,334
1771109523.032200,9406894,971988,310
1771109523.151064,9406894,841784,302
1771109523.274845,9406894,875092,331
1771109523.397570,9406894,890232,328
1771109523.516895,9406894,903858,340
1771109523.635733,9406894,920512,352
1771109523.756915,9406894,922026,352
1771109523.877194,9406894,938680,343
1771109523.997699,9406894,928082,352
1771109524.117893,9406894,947764,354
1771109524.243439,9406894,964418,364
1771109524.366840,9406894,962904,359
1771109524.486869,9406894,979558,370
1771109524.609911,9406894,988642,366
1771109524.729591,9406894,996212,377
1771109524.849046,9406899,985614,358
1771109524.973561,9406899,797878,300
1771109525.094337,9406899,797878,303
1771109525.213485,9406899,834214,313
1771109525.334033,9406899,856924,318
1771109525.453256,9406899,873578,336
1771109525.574337,9406899,887204,337
1771109525.697731,9406899,906886,339
1771109525.821511,9406899,925054,357
1771109525.941450,9406899,935652,345
1771109526.061381,9406899,956848,371
1771109526.180678,9406899,984100,364
1771109526.299413,9406903,994698,405
1771109526.418865,9406908,940194,427
1771109526.537122,9406908,858438,393
1771109526.655689,9406908,873578,422
1771109526.773990,9406908,902344,431
1771109526.894370,9406908,938680,406
1771109527.017066,9406908,958362,456
1771109527.137968,9406908,984100,459
1771109527.257792,9406914,987318,475
1771109527.376769,9406914,915970,400
1771109527.497618,9406914,831186,397
1771109527.617870,9406914,837242,406
1771109527.743792,9406914,838756,371
1771109527.862828,9406914,854086,405
1771109527.984974,9406914,902344,426
1771109528.106823,9406914,918998,416
1771109528.230039,9406914,931110,440
1771109528.355652,9406914,956848,459
1771109528.476712,9406914,970474,422
1771109528.597535,9406914,964000,468
1771109528.717724,9406920,994698,478
1771109528.839069,9406921,906886,456
1771109528.962787,9406921,862980,390
1771109529.082521,9406921,885690,441
1771109529.201966,9406921,894774,446
1771109529.324404,9406921,915970,431
1771109529.444718,9406921,935652,461
1771109529.565131,9406921,940194,441
1771109529.685163,9406921,968960,458
1771109529.803827,9406921,982586,423
1771109529.925094,9406921,988642,454
1771109530.045196,9406925,996212,461
1771109530.164988,9406933,879634,387
1771109530.284642,9406933,793526,335
1771109530.404146,9406933,806962,368
1771109530.525151,9406933,829672,388
1771109530.645850,9406933,840270,370
1771109530.765419,9406933,888718,395
1771109530.885578,9406933,926568,420
1771109531.005161,9406933,917484,389
1771109531.126161,9406933,959876,440
1771109531.250687,9406933,973502,438
1771109531.377720,9406933,990156,447
1771109531.496786,9406942,990156,425
1771109531.616210,9406953,867522,420
1771109531.735887,9406953,694926,308
1771109531.858362,9406953,719150,329
1771109531.982360,9406953,741860,321
1771109532.105526,9406953,782738,339
1771109532.226644,9406953,757000,340
1771109532.345354,9406953,832700,371
1771109532.464543,9406953,849354,369
1771109532.583546,9406953,873578,355
1771109532.702050,9406953,928082,412
1771109532.824877,9406953,879634,381
1771109532.946256,9406953,930000,411
1771109533.072692,9406953,967446,421
1771109533.193776,9406953,976530,419
1771109533.317078,9406972,993184,434
1771109533.437337,9406972,761542,323
1771109533.556802,9406972,689000,300
1771109533.677044,9406972,722178,292
1771109533.796341,9406972,744888,317
1771109533.917572,9406972,822102,326
1771109534.038484,9406972,826644,350
1771109534.161876,9406972,853896,350
1771109534.286006,9406972,875092,374
1771109534.409979,9406972,896288,378
1771109534.533694,9406972,915970,381
1771109534.653588,9406972,956848,407
1771109534.773575,9406972,984100,413
1771109534.893992,9406975,991670,420
1771109535.013738,9406978,964418,396
1771109535.133566,9406978,846326,344
1771109535.254621,9406978,875282,376
1771109535.374663,9406978,908400,384
1771109535.498442,9406978,938680,376
1771109535.618054,9406978,970474,410
1771109535.738089,9406993,912942,372
1771109535.860917,9406993,758514,306
1771109535.983759,9406993,763056,321
1771109536.105960,9406993,787280,315
1771109536.228001,9406993,819264,334
1771109536.349611,9406993,811504,324
1771109536.471244,9406993,879634,309
1771109536.592910,9406993,918998,334
1771109536.712309,9406993,930000,335
1771109536.835938,9406998,996212,343
1771109536.957538,9407015,866008,357
1771109537.079791,9407015,835728,291
1771109537.199416,9407015,852382,297
1771109537.321409,9407015,876606,317
1771109537.441554,9407015,955334,320
1771109537.564233,9407017,872064,352
1771109537.685831,9407017,896288,345
1771109537.806972,9407017,976530,337
1771109537.926781,9407022,993184,346
1771109538.049705,9407027,962904,328
1771109538.169618,9407027,829672,336
1771109538.291733,9407027,887204,298
1771109538.413131,9407027,931110,317
1771109538.533411,9407027,962904,332
1771109538.654797,9407035,990156,330
1771109538.776423,9407048,843298,332
1771109538.897732,9407048,757000,252
1771109539.020458,9407048,796364,270
1771109539.139599,9407048,800906,272
1771109539.259443,9407048,879634,285
1771109539.381020,9407048,811504,291
1771109539.500882,9407048,911428,281
1771109539.621038,9407048,950792,299
1771109539.739778,9407048,982586,302
1771109539.858347,9407068,990156,290
1771109539.977755,9407074,766084,282
1771109540.098535,9407074,731262,243
1771109540.220457,9407074,743374,247
1771109540.342197,9407074,767788,252
1771109540.461910,9407074,861466,256
1771109540.580920,9407074,794850,264
1771109540.703095,9407074,881148,275
1771109540.826011,9407074,926568,289
1771109540.951174,9407074,959876,301
1771109541.071224,9407093,991670,283
1771109541.194664,9407100,813018,286
1771109541.317522,9407100,784252,238
1771109541.437748,9407100,797878,244
1771109541.557238,9407100,817560,254
1771109541.678841,9407100,959876,332
1771109541.801235,9407100,829672,358
1771109541.920127,9407100,442088,200
1771109542.040655,9407100,248296,124
1771109542.160766,9407100,258894,131
1771109542.281743,9407100,732776,304
1771109542.401252,9407100,820588,338
1771109542.521183,9407100,813018,341
1771109542.641545,9407100,890232,360
1771109542.762479,9407100,875092,346
1771109542.885039,9407100,900830,372
1771109543.005654,9407100,908400,373
1771109543.126588,9407100,870550,369
1771109543.246086,9407100,914456,370
1771109543.373884,9407100,937166,371
1771109543.496258,9407100,897802,373
1771109543.615321,9407100,918998,374
1771109543.737851,9407100,875092,363
1771109543.857609,9407100,925054,379
1771109543.977496,9407100,923540,383
1771109544.097888,9407100,890232,420
1771109544.217429,9407100,925054,429
1771109544.337014,9407100,937166,418
1771109544.456847,9407100,925054,438
1771109544.577855,9407100,934138,427
1771109544.698174,9407100,911428,413
1771109544.822145,9407100,931110,437
1771109544.941799,9407100,944736,425
1771109545.065913,9407100,929596,444
1771109545.186095,9407100,946250,403
1771109545.310152,9407100,955524,391
1771109545.434064,9407100,955334,416
1771109545.559193,9407100,953820,393
1771109545.683932,9407100,916160,415
1771109545.807158,9407100,943222,386
1771109545.930556,9407100,961390,414
1771109546.053484,9407100,961390,427
1771109546.174838,9407100,975016,426
1771109546.293728,9407100,958362,423
1771109546.412799,9407100,975016,485
1771109546.531600,9407100,981072,466
1771109546.650813,9407100,937166,438
1771109546.773487,9407100,975016,467
1771109546.893834,9407100,968960,475
1771109547.015624,9407100,982586,470
1771109547.136937,9407100,978044,485
1771109547.255757,9407104,984100,456
1771109547.377716,9407104,929596,446
1771109547.506279,9407104,885690,428
1771109547.626957,9407104,878120,428
1771109547.746785,9407104,914456,427
1771109547.868093,9407104,935652,451
1771109547.987270,9407104,953820,467
1771109548.106792,9407104,970474,479
1771109548.228790,9407104,967446,455
1771109548.348853,9407107,990156,477
1771109548.470002,9407110,970474,461
1771109548.593033,9407110,922026,465
1771109548.712944,9407110,959876,452
1771109548.832709,9407110,978044,478
1771109548.952540,9407115,994698,469
1771109549.074378,9407122,981072,496
1771109549.196739,9407122,840270,397
1771109549.315923,9407122,893260,452
1771109549.437524,9407122,934138,471
1771109549.556785,9407122,934138,448
1771109549.678213,9407122,981072,502
1771109549.800909,9407127,993184,492
1771109549.919332,9407129,915970,461
1771109550.041186,9407129,909914,475
1771109550.160606,9407129,906886,479
1771109550.282962,9407129,947764,497
1771109550.401561,9407129,973502,524
1771109550.522024,9407129,978044,511
1771109550.647943,9407129,990156,530
1771109550.771262,9407136,993184,531
1771109550.897069,9407136,961390,526
1771109551.021901,9407172,906886,493
1771109551.142583,9407172,770626,441
1771109551.262411,9407172,835918,462
1771109551.381344,9407172,870550,466
1771109551.500449,9407172,869036,481
1771109551.620943,9407172,925054,510
1771109551.739821,9407172,930000,514
1771109551.860714,9407172,978044,555
1771109551.984674,9407172,985614,512
1771109552.106515,9407177,984100,467
1771109552.231055,9407177,755676,351
1771109552.349625,9407177,590460,275
1771109552.469414,9407177,614684,281
1771109552.590148,9407177,834214,398
1771109552.712890,9407177,870550,487
1771109552.832820,9407177,934138,507
1771109552.952724,9407177,899316,482
1771109553.073046,9407177,958362,540
1771109553.194124,9407177,978044,524
1771109553.318894,9407182,991670,549
1771109553.445164,9407204,908400,487
1771109553.564481,9407204,735804,387
1771109553.683328,9407204,716122,398
1771109553.805040,9407204,744888,414
1771109553.924710,9407204,814532,455
1771109554.045113,9407204,794850,458
1771109554.167062,9407204,847840,468
1771109554.288984,9407204,869036,468
1771109554.408831,9407204,905372,496
1771109554.530095,9407204,876606,476
1771109554.654113,9407204,947764,506
1771109554.778460,9407204,978044,561
1771109554.901150,9407205,996212,434
1771109555.021211,9407230,928082,402
1771109555.141272,9407230,741860,326
1771109555.262028,9407230,720664,310
1771109555.388102,9407230,744888,336
1771109555.509906,9407230,820588,338
1771109555.632752,9407230,778196,333
1771109555.752975,9407230,861466,329
1771109555.872622,9407230,900830,347
1771109555.997169,9407230,912942,367
1771109556.116300,9407238,935652,373
1771109556.237702,9407238,757000,334
1771109556.356630,9407238,787280,298
1771109556.476527,9407238,813018,305
1771109556.596979,9407238,896288,297
1771109556.715231,9407238,831186,340
1771109556.834431,9407238,917484,339
1771109556.955240,9407238,958362,349
1771109557.074981,9407238,982586,350
1771109557.195543,9407260,930000,368
1771109557.314563,9407260,831186,303
1771109557.435965,9407260,794850,277
1771109557.555518,9407260,816046,295
1771109557.674389,9407260,903858,309
1771109557.796343,9407260,829672,327
1771109557.916710,9407260,915970,303
1771109558.037942,9407260,962904,334
1771109558.161480,9407260,964000,332
1771109558.280574,9407290,920512,324
1771109558.401804,9407290,787280,251
1771109558.527862,9407290,761542,243
1771109558.648003,9407290,791822,245
1771109558.769520,9407290,893260,250
1771109558.888184,9407290,806962,280
1771109559.007058,9407290,881148,291
1771109559.125877,9407290,920512,285
1771109559.248796,9407290,930000,313
1771109559.367757,9407311,917484,285
1771109559.490321,9407311,814532,249
1771109559.614781,9407311,778196,249
1771109559.734558,9407311,803934,253
1771109559.853136,9407311,926568,260
1771109559.973144,9407311,817560,256
1771109560.092858,9407311,903858,278
1771109560.212638,9407311,958362,293
1771109560.332402,9407311,985614,311
1771109560.453542,9407338,914456,278
1771109560.575612,9407338,829672,250
1771109560.699156,9407338,823616,252
1771109560.824123,9407338,846326,253
1771109560.946881,9407338,981072,249
1771109561.072091,9407339,840460,259
1771109561.195450,9407339,903858,257
1771109561.314075,9407339,970474,260
1771109561.436757,9407347,964000,270
1771109561.556963,9407353,852382,267
1771109561.676071,9407353,903858,248
1771109561.796877,9407353,943222,258
1771109561.917026,9407353,978044,260
1771109562.037655,9407384,991670,245
1771109562.157786,9407384,788794,215
1771109562.276820,9407384,746402,200
1771109562.396498,9407384,741860,193
1771109562.515121,9407384,572292,183
1771109562.636119,9407384,143830,68
1771109562.754854,9407384,168054,71
1771109562.876641,9407384,570778,161
1771109563.001931,9407384,700982,255
1771109563.125383,9407384,675244,259
1771109563.248096,9407384,655562,268
1771109563.370369,9407384,708552,273
1771109563.494304,9407384,679786,263
1771109563.619195,9407384,728234,281
1771109563.740631,9407384,700982,283
1771109563.860845,9407384,725206,288
1771109563.982769,9407384,689060,291
1771109564.109719,9407384,720664,275
1771109564.233055,9407384,681300,264
1771109564.353043,9407384,711580,303
1771109564.478124,9407384,708552,310
1771109564.598709,9407384,747916,326
1771109564.717790,9407384,743374,314
1771109564.837687,9407384,722178,312
1771109564.957537,9407384,746402,313
1771109565.077085,9407384,723000,323
1771109565.197523,9407384,741860,317
1771109565.317844,9407384,746402,332
1771109565.441003,9407384,753972,326
1771109565.561959,9407384,760028,342
1771109565.687120,9407384,728234,338
1771109565.810269,9407384,757000,390
1771109565.933983,9407384,758514,367
1771109566.053837,9407384,763056,394
1771109566.173194,9407384,770626,381
1771109566.293752,9407384,761542,377
1771109566.412528,9407384,784252,381
1771109566.533351,9407384,766084,350
1771109566.653150,9407384,763056,367
1771109566.772594,9407384,778196,338
1771109566.893501,9407384,803934,394
1771109567.014173,9407384,816046,381
1771109567.135041,9407384,805448,407
1771109567.257335,9407384,814532,427
1771109567.376973,9407384,826644,424
1771109567.501180,9407384,828158,399
1771109567.622790,9407384,831186,397
1771109567.745424,9407384,835728,407
1771109567.867621,9407384,852382,444
1771109567.990425,9407384,835728,427
1771109568.113066,9407384,837242,407
1771109568.234011,9407384,856924,407
1771109568.356458,9407384,859952,424
1771109568.478566,9407384,867522,430
1771109568.601698,9407384,864494,424
1771109568.721325,9407384,882662,421
1771109568.841641,9407384,893260,445
1771109568.961133,9407384,894774,424
1771109569.081596,9407384,900830,429
1771109569.202649,9407384,915970,452
1771109569.325166,9407384,932814,473
1771109569.445104,9407384,953820,497
1771109569.568823,9407384,970474,493
1771109569.691740,9407387,996212,512
1771109569.816506,9407397,943222,497
1771109569.937351,9407397,799392,434
1771109570.060851,9407397,834214,438
1771109570.180871,9407397,862980,442
1771109570.302159,9407397,903858,483
1771109570.427880,9407397,934138,521
1771109570.548874,9407397,964418,515
1771109570.670147,9407403,996212,562
1771109570.789464,9407410,944736,508
1771109570.908745,9407410,704010,401
1771109571.028850,9407410,731262,399
1771109571.148835,9407410,763056,429
1771109571.268813,9407410,776682,431
1771109571.387301,9407410,803934,446
1771109571.506549,9407410,822144,393
1771109571.626819,9407410,838756,415
1771109571.746203,9407410,843298,439
1771109571.869350,9407410,856924,426
1771109571.989902,9407410,872064,440
1771109572.113516,9407410,879634,446
1771109572.233129,9407410,891746,446
1771109572.353687,9407410,891746,449
1771109572.473244,9407410,906886,465
1771109572.594362,9407410,911428,442
1771109572.712864,9407410,906886,439
1771109572.832969,9407410,876606,428
1771109572.952147,9407410,828158,385
1771109573.071526,9407410,838756,393
1771109573.191787,9407410,902344,453
1771109573.311773,9407419,988642,484
1771109573.430317,9407419,896288,463
1771109573.549282,9407419,861466,440
1771109573.671262,9407419,876606,452
1771109573.791174,9407419,888718,457
1771109573.914407,9407419,915970,473
1771109574.033470,9407419,925054,486
1771109574.152934,9407419,955334,469
1771109574.271561,9407419,969150,494
1771109574.393697,9407419,984290,524
1771109574.512272,9407419,988642,539
1771109574.636258,9407437,981072,531
1771109574.754995,9407437,840270,485
1771109574.873710,9407437,846326,466
1771109574.993356,9407437,862980,481
1771109575.114131,9407437,882662,495
1771109575.234521,9407437,918998,504
1771109575.354920,9407437,915970,522
1771109575.476853,9407437,958362,522
1771109575.600882,9407437,991670,548
1771109575.724413,9407442,991670,546
1771109575.848857,9407444,978044,556
1771109575.971241,9407448,958362,541
1771109576.097068,9407448,878120,492
1771109576.221042,9407448,914456,537
1771109576.344654,9407448,944736,533
1771109576.468555,9407448,953820,539
1771109576.592760,9407465,993184,572
1771109576.712273,9407469,825000,493
1771109576.830586,9407469,691898,400
1771109576.949491,9407469,717636,412
1771109577.070782,9407469,741860,425
1771109577.193135,9407469,828158,475
1771109577.312532,9407469,813018,474
1771109577.433031,9407469,852382,508
1771109577.554498,9407469,881148,509
1771109577.674752,9407469,903858,519
1771109577.797595,9407469,947764,561
1771109577.917737,9407469,944736,537
1771109578.037687,9407470,994698,595
1771109578.157817,9407477,994698,575
1771109578.277733,9407479,928272,550
1771109578.397757,9407479,873578,465
1771109578.517027,9407479,888718,460
1771109578.637992,9407479,929596,464
1771109578.761790,9407479,968960,491
1771109578.881071,9407479,984100,493
1771109579.000816,9407517,918998,531
1771109579.121550,9407517,738832,389
1771109579.241761,9407517,685842,359
1771109579.361453,9407517,711580,380
1771109579.482275,9407517,744888,391
1771109579.605847,9407517,761542,373
1771109579.725217,9407517,817560,350
1771109579.845159,9407517,879634,368
1771109579.964408,9407517,911428,384
1771109580.083564,9407517,962904,386
1771109580.202719,9407525,864494,410
1771109580.322185,9407525,870550,391
1771109580.441326,9407525,953820,389
1771109580.561143,9407525,981072,415
1771109580.681310,9407543,993184,393
1771109580.801753,9407546,814532,393
1771109580.922660,9407546,717636,284
1771109581.045529,9407546,720664,303
1771109581.166736,9407546,732776,307
1771109581.286130,9407546,807152,319
1771109581.405819,9407546,758514,327
1771109581.525756,9407546,846326,318
1771109581.646320,9407546,902344,351
1771109581.770022,9407546,928082,348
1771109581.893712,9407561,990156,334
1771109582.013368,9407565,835728,343
1771109582.134097,9407565,840270,303
1771109582.257239,9407565,866198,319
1771109582.377897,9407565,887204,344
1771109582.497442,9407573,964000,316
1771109582.617438,9407580,823616,326
1771109582.737458,9407580,802420,291
1771109582.858171,9407580,850868,307
1771109582.977975,9407580,875092,308
1771109583.101521,9407587,994698,314
1771109583.220310,9407589,832700,319
1771109583.341543,9407589,867522,308
1771109583.461460,9407589,931110,332
1771109583.584449,9407589,976530,337
1771109583.704110,9407617,991670,324
1771109583.823179,9407620,796364,289
1771109583.946179,9407620,797878,273
1771109584.069269,9407620,787280,271
1771109584.189421,9407620,826644,282
1771109584.308925,9407620,979748,304
1771109584.428643,9407620,860142,293
1771109584.551540,9407620,932624,297
1771109584.672949,9407620,979558,306
1771109584.795563,9407624,988642,316
1771109584.917101,9407626,962904,302
1771109585.038111,9407626,887204,292
1771109585.162964,9407626,962904,308
1771109585.286463,9407630,984100,309
1771109585.408508,9407633,968960,317
1771109585.530827,9407644,946250,300
1771109585.653183,9407644,790308,277
1771109585.773106,9407644,834214,264
1771109585.895400,9407644,867522,261
1771109586.017074,9407644,912942,288
1771109586.138749,9407662,911428,291
1771109586.258505,9407662,805448,256
1771109586.381521,9407662,817560,248
1771109586.501570,9407662,831186,257
1771109586.622621,9407662,872064,260
1771109586.745423,9407672,900830,287
1771109586.865296,9407672,790308,346
1771109586.984954,9407672,158970,89
1771109587.107169,9407672,173000,103
1771109587.229250,9407672,416350,190
1771109587.352320,9407672,588946,299
1771109587.476059,9407672,663132,299
1771109587.600659,9407672,702496,319
1771109587.724408,9407672,690384,319
1771109587.846365,9407672,720664,336
1771109587.968491,9407672,693412,324
1771109588.087842,9407672,717636,328
1771109588.206991,9407672,679786,318
1771109588.330105,9407672,722178,340
1771109588.454551,9407672,720782,346
1771109588.577900,9407672,741860,384
1771109588.701953,9407672,725206,369
1771109588.821667,9407672,723000,376
1771109588.940365,9407672,761542,392
1771109589.060679,9407672,741860,377
1771109589.180504,9407672,750944,401
1771109589.301954,9407672,761542,405
1771109589.425728,9407672,769112,402
1771109589.545752,9407672,737318,407
1771109589.665872,9407672,773654,409
1771109589.785118,9407672,758514,420
1771109589.905666,9407672,785766,419
1771109590.025530,9407672,785766,421
1771109590.145938,9407672,791822,427
1771109590.265181,9407672,791822,413
1771109590.385457,9407672,805448,411
1771109590.504265,9407672,793336,466
1771109590.625224,9407672,799582,471
1771109590.744389,9407672,811504,502
1771109590.864877,9407672,782738,450
1771109590.984690,9407672,806962,468
1771109591.103939,9407672,828158,448
1771109591.225192,9407672,832700,482
1771109591.345953,9407672,862980,509
1771109591.464290,9407672,846326,506
1771109591.583047,9407672,869036,497
1771109591.704849,9407672,882662,538
1771109591.824231,9407672,896288,536
1771109591.943898,9407672,900830,517
1771109592.065819,9407672,918998,553
1771109592.189179,9407672,937166,537
1771109592.309519,9407672,958362,556
1771109592.428447,9407672,955334,533
1771109592.549912,9407672,981072,588
1771109592.668924,9407677,994698,567
1771109592.788211,9407681,893260,533
1771109592.907698,9407681,776682,444
1771109593.029294,9407681,791822,455
1771109593.153260,9407681,834214,483
1771109593.275261,9407681,852382,519
1771109593.396994,9407681,867522,516
1771109593.517383,9407681,872064,491
1771109593.637440,9407681,893260,531
1771109593.756955,9407681,877000,533
1771109593.878039,9407681,915970,522
1771109594.000192,9407681,928082,560
1771109594.125640,9407681,930000,538
1771109594.250379,9407681,968960,563
1771109594.377699,9407681,981072,559
1771109594.497185,9407683,976530,579
1771109594.616838,9407683,956848,544
1771109594.737230,9407683,922026,521
1771109594.855765,9407683,940194,525
1771109594.974541,9407683,965932,580
1771109595.096813,9407683,976530,558
1771109595.218306,9407688,997726,583
1771109595.341331,9407688,875092,482
1771109595.463108,9407688,825000,486
1771109595.586107,9407688,852382,496
1771109595.709169,9407688,862980,509
1771109595.829327,9407688,879634,483
1771109595.948784,9407688,893260,508
1771109596.069607,9407688,902344,514
1771109596.189048,9407688,915970,515
1771109596.308937,9407688,928272,547
1771109596.429105,9407688,940194,521
1771109596.548832,9407688,934328,556
1771109596.676783,9407688,944736,525
1771109596.799878,9407688,953820,552
1771109596.924995,9407688,956848,536
1771109597.049099,9407688,968960,560
1771109597.172462,9407699,930000,549
1771109597.296596,9407699,714608,392
1771109597.420581,9407699,738832,401
1771109597.540417,9407699,761542,413
1771109597.659008,9407699,873578,486
1771109597.782407,9407699,876606,515
1771109597.908830,9407699,894774,528
1771109598.032376,9407699,918998,507
1771109598.156933,9407713,881148,523
1771109598.280585,9407713,852382,504
1771109598.399380,9407713,879634,502
1771109598.522220,9407713,891746,522
1771109598.644764,9407713,915970,540
1771109598.763444,9407713,923540,503
1771109598.885088,9407713,959876,516
1771109599.004217,9407713,968960,534
1771109599.125282,9407713,979558,538
1771109599.246344,9407715,993184,536
1771109599.372320,9407731,909914,508
1771109599.496813,9407731,872064,502
1771109599.619293,9407731,887394,511
1771109599.741966,9407731,900830,508
1771109599.864781,9407731,918998,521
1771109599.983386,9407731,938680,539
1771109600.105318,9407731,973502,548
1771109600.225491,9407731,991670,557
1771109600.344870,9407737,990156,564
1771109600.464994,9407737,934138,552
1771109600.585297,9407737,953820,557
1771109600.705077,9407737,967446,560
1771109600.824732,9407742,997726,579
1771109600.950606,9407747,941708,543
1771109601.074147,9407747,772140,443
1771109601.197348,9407747,813018,471
1771109601.316866,9407747,835728,491
1771109601.437135,9407747,869036,502
1771109601.557954,9407747,887204,510
1771109601.683675,9407747,914456,536
1771109601.803527,9407747,928082,540
1771109601.923020,9407747,981072,575
1771109602.044861,9407759,993184,593
1771109602.165170,9407759,888718,535
1771109602.288093,9407759,769000,469
1771109602.407685,9407759,822102,495
1771109602.532288,9407759,856924,509
1771109602.653841,9407759,904048,537
1771109602.773912,9407759,929596,556
1771109602.898426,9407759,971988,550
1771109603.021229,9407781,905372,520
1771109603.143332,9407781,781224,465
1771109603.262830,9407781,794850,473
1771109603.387697,9407781,826644,488
1771109603.509980,9407781,847840,497
1771109603.631666,9407781,884176,497
1771109603.756586,9407781,917484,478
1771109603.880307,9407781,953820,490
1771109604.002303,9407781,981072,506
1771109604.127599,9407798,982586,420
1771109604.253031,9407798,881148,396
1771109604.375566,9407798,885690,381
1771109604.500504,9407798,914456,387
1771109604.621745,9407798,941708,411
1771109604.746620,9407798,955334,395
1771109604.871870,9407829,909914,407
1771109604.992980,9407829,732776,308
1771109605.116679,9407829,720664,300
1771109605.236042,9407829,735804,312
1771109605.354369,9407829,766084,320
1771109605.476723,9407829,849354,349
1771109605.597617,9407829,855410,346
1771109605.720671,9407829,905372,356
1771109605.839358,9407829,935652,382
1771109605.957701,9407829,956848,380
1771109606.076375,9407857,946250,389
1771109606.196703,9407857,757000,292
1771109606.316702,9407857,743374,294
1771109606.440516,9407857,749430,284
1771109606.560753,9407857,757000,322
1771109606.679426,9407857,894774,339
1771109606.801294,9407857,841784,327
1771109606.920812,9407857,893260,335
1771109607.041226,9407857,937166,343
1771109607.162509,9407857,958362,358
1771109607.283703,9407891,971988,344
1771109607.405311,9407891,779710,289
1771109607.527531,9407891,776682,283
1771109607.649589,9407891,793336,287
1771109607.771869,9407891,846326,307
1771109607.893859,9407891,979558,321
1771109608.019797,9407891,873578,322
1771109608.143571,9407891,956848,335
1771109608.262263,9407892,988642,334
1771109608.385537,9407900,991670,329
1771109608.505211,9407913,982586,301
1771109608.628145,9407913,841784,296
1771109608.748011,9407913,867522,293
1771109608.869700,9407913,891746,293
1771109608.988993,9407913,929596,307
1771109609.111796,9407928,993184,293
1771109609.233782,9407932,822102,286
1771109609.355703,9407932,790308,250
1771109609.477814,9407932,793336,261
1771109609.596563,9407932,814532,267
1771109609.718401,9407932,940194,261
1771109609.843800,9407938,823616,270
1771109609.965827,9407938,893260,260
1771109610.085473,9407938,940194,274
1771109610.205338,9407938,982586,278
1771109610.326235,9407952,988642,282
1771109610.451466,9407963,837242,298
1771109610.575175,9407963,879634,260
1771109610.698931,9407963,923540,265
1771109610.823202,9407963,950792,275
1771109610.946777,9407973,999240,272
1771109611.071146,9407991,791822,270
1771109611.192152,9407991,767598,215
1771109611.315324,9407991,779710,232
1771109611.435934,9407991,799392,294
1771109611.557501,9407991,903858,312
1771109611.680382,9407994,806962,333
1771109611.804714,9407994,826644,319
1771109611.926925,9407994,887204,326
1771109612.051022,9407994,938680,345
1771109612.173475,9408004,985614,346
1771109612.293528,9408019,829672,352
1771109612.414594,9408019,894774,323
1771109612.536915,9408019,943222,341
1771109612.655820,9408020,991670,354
1771109612.777476,9408031,997726,357
1771109612.897207,9408033,822102,328
1771109613.017355,9408033,825130,304
1771109613.137416,9408033,891746,329
1771109613.259135,9408033,923540,333
1771109613.379107,9408033,967446,351
1771109613.501999,9408064,893260,350
1771109613.625697,9408064,803934,280
1771109613.745812,9408064,819074,287
1771109613.865841,9408064,838756,301
1771109613.989558,9408064,864494,314
1771109614.110407,9408076,923730,333
1771109614.231434,9408076,794850,327
1771109614.355126,9408076,875092,314
1771109614.476075,9408076,912942,320
1771109614.600149,9408076,965932,345
1771109614.723021,9408102,949278,326
1771109614.844285,9408102,819074,295
1771109614.967015,9408102,831186,298
1771109615.087840,9408102,853896,306
1771109615.211388,9408102,277062,145
1771109615.333409,9408102,131718,69
1771109615.456044,9408102,257380,99
1771109615.579761,9408102,700982,278
1771109615.703343,9408102,626796,245
1771109615.826508,9408102,631338,274
1771109615.952443,9408102,654048,285
1771109616.074268,9408102,661618,284
1771109616.196339,9408102,678272,288
1771109616.315284,9408102,678462,315
1771109616.437553,9408102,693412,288
1771109616.560063,9408102,647992,307
1771109616.681639,9408102,666160,332
1771109616.805230,9408102,679786,326
1771109616.924880,9408102,691898,315
1771109617.045202,9408102,693412,340
1771109617.164986,9408102,699658,337
1771109617.285557,9408102,697954,367
1771109617.405596,9408102,685842,338
1771109617.524190,9408102,691898,346
1771109617.645331,9408102,713094,334
1771109617.763928,9408102,690384,338
1771109617.884750,9408102,702496,339
1771109618.005665,9408102,713094,365
1771109618.126067,9408102,725206,370
1771109618.248703,9408102,689000,380
1771109618.370151,9408102,725206,400
1771109618.494092,9408102,732776,405
1771109618.617950,9408102,732776,405
1771109618.740589,9408102,726720,408
1771109618.859682,9408102,749430,372
1771109618.981277,9408102,752458,379
1771109619.103183,9408102,750944,373
1771109619.224883,9408102,753972,389
1771109619.344981,9408102,764760,382
1771109619.466784,9408102,781224,396
1771109619.586235,9408102,773654,386
1771109619.709968,9408102,776682,390
1771109619.833674,9408102,788984,395
1771109619.952892,9408102,787280,395
1771109620.073531,9408102,800906,405
1771109620.194035,9408102,799392,406
1771109620.317916,9408102,823616,434
1771109620.436922,9408102,835728,430
1771109620.560225,9408102,840270,431
1771109620.679902,9408102,853938,428
1771109620.802249,9408102,882662,448
1771109620.921371,9408102,897802,476
1771109621.041838,9408102,909914,436
1771109621.165795,9408102,917484,431
1771109621.289776,9408102,935652,457
1771109621.414221,9408102,959876,448
1771109621.533597,9408102,965932,486
1771109621.652198,9408102,996212,471
1771109621.773255,9408117,968960,479
1771109621.893123,9408117,794850,385
1771109622.013421,9408117,799392,382
1771109622.133052,9408117,832700,414
1771109622.253095,9408117,843298,424
1771109622.373594,9408117,864684,415
1771109622.494058,9408117,897802,453
1771109622.612660,9408117,926568,449
1771109622.731545,9408117,958362,461
1771109622.853370,9408117,988642,495
1771109622.977351,9408126,975016,498
1771109623.097302,9408126,928082,480
1771109623.219158,9408126,941708,483
1771109623.341263,9408126,971988,506
1771109623.463781,9408127,991670,523
1771109623.586233,9408133,978044,497
1771109623.708353,9408133,894774,440
1771109623.832680,9408133,918998,466
1771109623.956116,9408148,906886,462
1771109624.080138,9408148,791822,385
1771109624.204000,9408148,791000,401
1771109624.328594,9408148,825130,407
1771109624.452140,9408148,825000,426
1771109624.577236,9408148,858438,426
1771109624.701041,9408148,878120,426
1771109624.822013,9408148,884176,438
1771109624.944355,9408148,900830,462
1771109625.064460,9408148,915970,442
1771109625.185101,9408148,912942,460
1771109625.304843,9408148,918998,459
1771109625.424767,9408148,935652,464
1771109625.543807,9408148,870550,431
1771109625.666757,9408148,872064,426
1771109625.789723,9408148,887204,447
1771109625.909181,9408148,964000,480
1771109626.027942,9408154,991670,497
1771109626.149089,9408161,917484,454
1771109626.268338,9408161,796364,396
1771109626.387473,9408161,797878,350
1771109626.506902,9408161,823616,377
1771109626.629095,9408161,838756,381
1771109626.752389,9408161,876606,376
1771109626.875980,9408161,931110,399
1771109626.998575,9408161,920512,410
1771109627.120045,9408161,959876,410
1771109627.244300,9408161,985614,440
1771109627.368225,9408161,993374,413
1771109627.492257,9408169,993184,443
1771109627.615364,9408175,867522,370
1771109627.739936,9408175,757000,308
1771109627.863619,9408175,769112,324
1771109627.983254,9408175,791822,325
1771109628.102823,9408175,819074,352
1771109628.222666,9408175,835728,374
1771109628.345650,9408175,870550,370
1771109628.465263,9408175,896288,378
1771109628.585564,9408175,906886,401
1771109628.705406,9408175,925054,350
1771109628.824773,9408175,944736,393
1771109628.944060,9408175,971988,370
1771109629.064389,9408175,999240,415
1771109629.187510,9408179,996212,389
1771109629.306171,9408179,931110,382
1771109629.425023,9408179,937166,374
1771109629.543879,9408179,922026,387
1771109629.666069,9408179,976530,387
1771109629.791738,9408179,990156,410
1771109629.910380,9408184,994698,390
1771109630.032959,9408195,996212,413
1771109630.152726,9408195,875092,354
1771109630.272911,9408195,893260,368
1771109630.392699,9408195,915970,347
1771109630.511391,9408195,931110,386
1771109630.632861,9408195,988642,350
1771109630.753000,9408206,878120,367
1771109630.877233,9408206,819074,320
1771109630.999254,9408206,856924,322
1771109631.124428,9408206,885690,355
1771109631.244854,9408206,914646,367
1771109631.364343,9408206,918998,331
1771109631.484955,9408206,965932,392
1771109631.606376,9408206,991670,371
1771109631.728123,9408215,981072,392
1771109631.849816,9408215,841784,319
1771109631.971004,9408215,867522,311
1771109632.092269,9408215,885690,295
1771109632.213396,9408215,973502,321
1771109632.332379,9408215,985614,325
1771109632.451170,9408221,994698,339
1771109632.573926,9408222,965932,311
1771109632.693255,9408222,840270,309
1771109632.814720,9408222,912942,307
1771109632.937601,9408222,953820,311
1771109633.057359,9408222,971988,334
1771109633.178398,9408239,993184,307
1771109633.301379,9408250,800906,312
1771109633.421277,9408250,770626,243
1771109633.541438,9408250,779710,240
1771109633.661427,9408250,806962,258
1771109633.780850,9408250,846326,267
1771109633.901693,9408250,888718,307
1771109634.025171,9408250,923540,272
1771109634.145065,9408250,973502,302
1771109634.265856,9408253,990156,281
1771109634.385939,9408257,979558,301
1771109634.505534,9408278,956848,273
1771109634.624428,9408278,791000,245
1771109634.748384,9408278,847840,243
1771109634.871218,9408278,881148,250
1771109634.991451,9408278,911428,269
1771109635.113850,9408288,984100,248
1771109635.232591,9408292,826644,267
1771109635.353212,9408292,832890,241
1771109635.471994,9408292,873578,293
1771109635.591192,9408292,897992,332
1771109635.713863,9408292,950792,344
1771109635.837837,9408310,867522,335
1771109635.957602,9408310,808476,315
1771109636.077704,9408310,825130,309
1771109636.198058,9408310,849354,307
1771109636.317817,9408310,878120,321
1771109636.437429,9408320,959876,337
1771109636.557519,9408320,825130,328
1771109636.677098,9408320,867522,320
1771109636.796261,9408320,908400,342
1771109636.917467,9408320,935652,331
1771109637.037464,9408333,997726,331
1771109637.156814,9408347,796364,340
1771109637.276612,9408347,763056,243
1771109637.398257,9408347,781224,251
1771109637.518819,9408347,796482,259
1771109637.641512,9408347,849354,276
1771109637.763468,9408351,875092,317
1771109637.888623,9408351,498106,188
1771109638.011358,9408351,181680,79
1771109638.133086,9408351,196820,79
1771109638.253552,9408351,779710,257
1771109638.375080,9408351,816046,266
1771109638.495235,9408351,752458,270
1771109638.615153,9408351,749430,278
1771109638.734179,9408351,769112,279
1771109638.853647,9408351,750944,286
1771109638.973118,9408351,785766,281
1771109639.098442,9408351,779710,287
1771109639.221347,9408351,803934,306
1771109639.340289,9408351,766084,287
1771109639.460185,9408351,778196,303
1771109639.581550,9408351,787280,319
1771109639.701717,9408351,790308,335
1771109639.822745,9408351,791822,356
1771109639.945100,9408351,743374,358
1771109640.065730,9408351,800906,351
1771109640.184873,9408351,814532,330
1771109640.303600,9408351,794850,336
1771109640.424504,9408351,793336,346
1771109640.545366,9408351,808476,380
1771109640.663448,9408351,816046,370
1771109640.785084,9408351,773654,356
1771109640.906021,9408351,811504,350
1771109641.026181,9408351,822102,327
1771109641.148864,9408351,834214,356
1771109641.269737,9408351,825130,376
1771109641.391420,9408351,831186,393
1771109641.514515,9408351,826644,363
1771109641.637354,9408351,816236,376
1771109641.757183,9408351,829672,405
1771109641.877691,9408351,825130,399
1771109641.999785,9408351,825000,441
1771109642.124277,9408351,856924,415
1771109642.246086,9408351,838756,400
1771109642.372263,9408351,855410,421
1771109642.495639,9408351,858438,446
1771109642.620131,9408351,825000,433
1771109642.739404,9408351,838756,397
1771109642.863206,9408351,869036,412
1771109642.985871,9408351,887204,446
1771109643.109701,9408351,894774,452
1771109643.228465,9408351,890232,416
1771109643.350105,9408351,906886,459
1771109643.473508,9408351,908400,447
1771109643.593556,9408351,909914,421
1771109643.712721,9408351,909914,467
1771109643.833875,9408351,937166,432
1771109643.957747,9408351,941708,461
1771109644.077053,9408351,962904,442
1771109644.197038,9408351,981072,500
1771109644.317833,9408351,984100,450
1771109644.437129,9408358,993184,483
1771109644.557719,9408359,838756,401
1771109644.677426,9408359,847840,442
1771109644.797560,9408359,867522,433
1771109644.917332,9408359,897802,408
1771109645.036247,9408359,923540,467
1771109645.155123,9408359,968960,450
1771109645.276762,9408362,994698,503
1771109645.397277,9408369,925054,436
1771109645.520305,9408369,813018,436
1771109645.641004,9408369,850868,447
1771109645.761991,9408369,866008,416
1771109645.886929,9408369,899316,452
1771109646.010099,9408369,938680,499
1771109646.133782,9408369,958362,459
1771109646.254089,9408369,988642,529
1771109646.378014,9408380,982586,475
1771109646.501926,9408380,816046,403
1771109646.621769,9408380,820588,373
1771109646.741787,9408380,841784,358
1771109646.862020,9408380,852382,360
1771109646.986148,9408380,870550,412
1771109647.109718,9408380,884176,410
1771109647.229581,9408380,900830,370
1771109647.349883,9408380,917674,442
1771109647.468808,9408380,923540,405
1771109647.590114,9408380,935652,423
1771109647.709936,9408380,944736,422
1771109647.832389,9408380,941708,451
1771109647.951995,9408380,955334,419
1771109648.072041,9408380,967636,450
1771109648.193175,9408380,882662,396
1771109648.314395,9408380,838756,395
1771109648.436911,9408380,843298,402
1771109648.556263,9408388,988642,447
1771109648.676942,9408408,905372,433
1771109648.797764,9408408,678272,327
1771109648.921246,9408408,670702,317
1771109649.042333,9408408,710066,302
1771109649.161360,9408408,743374,319
1771109649.280377,9408408,757000,319
1771109649.401349,9408408,814532,363
1771109649.521639,9408408,843298,386
1771109649.641228,9408408,864494,382
1771109649.760745,9408408,905372,381
1771109649.881433,9408408,891746,412
1771109650.001692,9408408,949278,400
1771109650.121777,9408408,978044,454
1771109650.240947,9408408,990156,409
1771109650.361830,9408428,991670,450
1771109650.483849,9408432,782738,345
1771109650.612120,9408432,713094,302
1771109650.734540,9408432,749430,310
1771109650.855913,9408432,755486,313
1771109650.985530,9408432,831186,342
1771109651.108267,9408432,825130,345
1771109651.228762,9408432,875092,384
1771109651.348734,9408432,872064,388
1771109651.468984,9408432,887204,363
1771109651.588549,9408432,894774,407
1771109651.707314,9408432,929596,396
1771109651.827185,9408432,956848,415
1771109651.947007,9408432,971988,408
1771109652.067768,9408432,964000,435
1771109652.188892,9408451,909914,372
1771109652.310091,9408451,767598,333
1771109652.433733,9408451,746402,318
1771109652.552900,9408451,772330,329
1771109652.672113,9408451,823616,345
1771109652.793639,9408451,816046,318
1771109652.912929,9408451,881148,345
1771109653.032340,9408451,934138,369
1771109653.155565,9408451,964418,355
1771109653.277645,9408464,994698,352
1771109653.397534,9408474,819074,310
1771109653.516968,9408474,813018,273
1771109653.636990,9408474,828158,283
1771109653.758411,9408474,825000,296
1771109653.881996,9408474,943222,300
1771109654.011836,9408474,866008,309
1771109654.131750,9408474,930000,327
1771109654.254411,9408474,990156,320
1771109654.377382,9408480,993184,339
1771109654.498091,9408481,949278,323
1771109654.618156,9408481,806962,297
1771109654.740438,9408481,849354,296
1771109654.861194,9408481,869036,301
1771109654.982471,9408481,888718,310
1771109655.103761,9408482,973502,322
1771109655.227177,9408482,867522,315
1771109655.352476,9408482,944736,328
1771109655.475206,9408485,964000,327
1771109655.599511,9408491,978044,320
1771109655.724248,9408491,906886,328
1771109655.844851,9408491,908400,308
1771109655.967215,9408491,949278,321
1771109656.090860,9408491,984100,330
1771109656.215336,9408498,994698,336
1771109656.339034,9408521,869226,324
1771109656.462902,9408521,773654,245
1771109656.586827,9408521,764760,246
1771109656.707606,9408521,788794,253
1771109656.831130,9408521,867522,268
1771109656.955453,9408521,805448,305
1771109657.079811,9408521,906886,284
1771109657.202644,9408521,961390,282
1771109657.326990,9408521,991670,309
1771109657.447330,9408550,964000,273
1771109657.571166,9408550,772140,254
1771109657.695084,9408550,744888,219
1771109657.815537,9408550,750944,235
1771109657.934719,9408550,769112,232
1771109658.055588,9408550,908400,245
1771109658.174572,9408550,817560,235
1771109658.293307,9408550,899316,256
1771109658.414179,9408550,935652,280
1771109658.538192,9408550,975016,276
1771109658.658914,9408576,967446,255
1771109658.777699,9408576,819074,256
1771109658.898882,9408576,831186,325
1771109659.021651,9408576,499620,208
1771109659.141864,9408576,234670,105
1771109659.265225,9408576,241000,109
1771109659.386938,9408576,688870,266
1771109659.510017,9408576,841784,312
1771109659.634594,9408576,802420,313
1771109659.757969,9408576,838756,331
1771109659.881129,9408576,800906,329
1771109660.002397,9408576,850868,336
1771109660.121631,9408576,841784,309
1771109660.241233,9408576,867522,336
1771109660.361038,9408576,873578,350
1771109660.480942,9408576,829672,329
1771109660.601133,9408576,867522,334
1771109660.721568,9408576,884176,347
1771109660.840926,9408576,870550,339
1771109660.963756,9408576,876606,380
1771109661.084438,9408576,829672,394
1771109661.204850,9408576,884176,370
1771109661.325068,9408576,903858,383
1771109661.445819,9408576,900830,424
1771109661.571342,9408576,888718,371
1771109661.695991,9408576,862980,377
1771109661.820194,9408576,914456,408
1771109661.944163,9408576,902344,376
1771109662.066256,9408576,894774,399
1771109662.189441,9408576,900830,395
1771109662.309749,9408576,884176,372
1771109662.429788,9408576,923540,396
1771109662.550642,9408576,909914,404
1771109662.673638,9408576,920512,409
1771109662.797329,9408576,932624,407
1771109662.917160,9408576,914456,408
1771109663.036454,9408576,935652,412
1771109663.157414,9408576,920702,455
1771109663.277758,9408576,909914,438
1771109663.401479,9408576,935652,478
1771109663.521768,9408576,930000,432
1771109663.645637,9408576,937166,465
1771109663.765742,9408576,943222,462
1771109663.884686,9408576,938680,453
1771109664.007304,9408576,955334,458
1771109664.133067,9408576,947764,455
1771109664.255233,9408576,955334,475
1771109664.381700,9408576,962904,472
1771109664.501590,9408576,955334,440
1771109664.622433,9408576,962904,463
1771109664.745822,9408576,979558,488
1771109664.865785,9408576,976530,479
1771109664.986952,9408576,988642,460
1771109665.110158,9408578,982586,469
1771109665.229641,9408579,958362,464
1771109665.349597,9408579,953820,483
1771109665.469806,9408579,970474,475
1771109665.589861,9408579,996212,523
1771109665.714180,9408591,938680,485
1771109665.837484,9408591,757000,404
1771109665.957030,9408591,787280,406
1771109666.079519,9408591,808476,426
1771109666.199619,9408591,879634,453
1771109666.321636,9408591,911428,470
1771109666.441794,9408591,934138,496
1771109666.562141,9408591,958362,497
1771109666.681715,9408591,975016,494
1771109666.801709,9408591,988642,508
1771109666.922049,9408594,999240,554
1771109667.045089,9408599,920512,549
1771109667.168469,9408599,800906,443
1771109667.292735,9408599,791000,441
1771109667.416546,9408599,853896,474
1771109667.540798,9408599,881148,503
1771109667.664883,9408599,884176,509
1771109667.784722,9408599,908400,509
1771109667.904953,9408599,897802,509
1771109668.023818,9408599,937166,535
1771109668.145345,9408599,937166,518
1771109668.264688,9408599,938680,540
1771109668.385726,9408599,946440,535
1771109668.509846,9408599,959876,551
1771109668.632726,9408599,950792,515
1771109668.753068,9408599,967446,554
1771109668.873158,9408599,960066,532
1771109668.997049,9408599,971988,558
1771109669.118310,9408599,979558,536
1771109669.238299,9408599,982586,567
1771109669.362380,9408599,859952,468
1771109669.486113,9408599,784252,413
1771109669.609914,9408599,781224,404
1771109669.729998,9408604,991670,527
1771109669.854074,9408655,934180,519
1771109669.973966,9408655,722178,412
1771109670.098170,9408655,689000,383
1771109670.220936,9408655,744888,410
1771109670.343191,9408655,764570,417
1771109670.468526,9408655,822102,454
1771109670.592316,9408655,861466,471
1771109670.716468,9408655,893260,508
1771109670.840449,9408655,923540,522
1771109670.964629,9408655,965932,529
1771109671.088481,9408661,923540,506
1771109671.212833,9408661,791822,456
1771109671.336420,9408661,858438,483
1771109671.459962,9408661,879634,500
1771109671.584482,9408661,922026,517
1771109671.708067,9408697,849354,472
1771109671.832294,9408697,704010,404
1771109671.956218,9408697,753972,413
1771109672.084252,9408697,781224,447
1771109672.208755,9408697,829672,425
1771109672.332799,9408697,806962,460
1771109672.455805,9408697,876606,418
1771109672.577426,9408697,903858,374
1771109672.699667,9408697,917484,383
1771109672.821377,9408700,990156,377
1771109672.942438,9408704,852382,368
1771109673.062555,9408704,791822,324
1771109673.186611,9408704,831186,326
1771109673.305463,9408704,859952,344
1771109673.423988,9408704,943222,345
1771109673.545155,9408704,853896,356
1771109673.666336,9408704,961390,371
1771109673.790135,9408706,994698,388
1771109673.913102,9408711,991860,367
1771109674.033147,9408723,994698,350
1771109674.152783,9408743,791000,342
1771109674.272849,9408743,713094,266
1771109674.395369,9408743,729748,262
1771109674.518272,9408743,760028,279
1771109674.640547,9408743,852382,285
1771109674.762242,9408743,788794,298
1771109674.885504,9408743,887204,294
1771109675.006298,9408743,937166,312
1771109675.132979,9408743,967446,333
1771109675.252113,9408763,988642,294
1771109675.376031,9408770,825130,296
1771109675.496997,9408770,814532,265
1771109675.616607,9408770,817560,254
1771109675.738169,9408770,843298,273
1771109675.860658,9408770,959876,272
1771109675.980820,9408771,828158,270
1771109676.101710,9408771,917484,289
1771109676.223871,9408771,959876,313
1771109676.345592,9408771,990156,306
1771109676.467032,9408790,985614,297
1771109676.586687,9408790,803934,283
1771109676.706110,9408790,847840,271
1771109676.831303,9408790,890232,290
1771109676.954571,9408790,925054,296
1771109677.078172,9408801,964000,284
1771109677.201323,9408811,823616,291
1771109677.320230,9408811,832700,266
1771109677.441006,9408811,852382,265
1771109677.561871,9408811,879634,280
1771109677.683743,9408811,985614,277
1771109677.806120,9408823,820588,278
1771109677.925567,9408823,826644,221
1771109678.044957,9408823,862980,221
1771109678.165346,9408823,881148,232
1771109678.285746,9408823,971988,237
1771109678.406655,9408833,816236,261
1771109678.529306,9408833,879634,244
1771109678.649489,9408833,935770,245
1771109678.769377,9408834,994698,258
1771109678.889556,9408845,996212,249
1771109679.009339,9408853,825130,265
1771109679.129989,9408853,797878,202
1771109679.253551,9408853,828158,204
1771109679.372293,9408853,852382,217
1771109679.493118,9408853,917484,231
1771109679.611616,9408861,861466,244
1771109679.730179,9408861,811504,246
1771109679.852670,9408861,891746,304
1771109679.973258,9408861,955334,318
1771109680.093883,9408863,984100,331
1771109680.215984,9408863,193792,87
1771109680.335902,9408863,205904,101
1771109680.457633,9408863,537470,207
1771109680.579187,9408863,837242,286
1771109680.703474,9408863,866008,304
1771109680.828334,9408863,773654,301
1771109680.952679,9408863,790308,319
1771109681.074473,9408863,831186,334
1771109681.200065,9408863,796364,328
1771109681.324309,9408863,859952,344
1771109681.447704,9408863,869036,324
1771109681.572015,9408863,876606,349
1771109681.696248,9408863,849354,346
1771109681.818346,9408863,772140,322
1771109681.943735,9408863,838756,333
1771109682.067637,9408863,835728,335
1771109682.187579,9408863,867522,362
1771109682.310101,9408863,862980,380
1771109682.436578,9408863,866008,377
1771109682.559960,9408863,897802,375
1771109682.683932,9408863,838756,388
1771109682.808434,9408863,817560,395
1771109682.932536,9408863,861466,399
1771109683.056243,9408863,866008,408
1771109683.180132,9408863,875092,415
1771109683.303134,9408863,850868,449
1771109683.425786,9408863,894774,435
1771109683.552054,9408863,885690,405
1771109683.676372,9408863,878120,431
1771109683.800542,9408863,861466,434
1771109683.925238,9408863,873812,459
1771109684.048854,9408863,878120,442
1771109684.172341,9408863,869036,476
1771109684.296994,9408863,914456,469
1771109684.420410,9408863,917484,462
1771109684.544614,9408863,934138,479
1771109684.668491,9408885,896288,496
1771109684.787368,9408885,829672,463
1771109684.906177,9408885,819152,470
1771109685.024683,9408885,875092,478
1771109685.145684,9408885,893260,496
1771109685.264064,9408885,909914,521
1771109685.382955,9408885,909914,505
1771109685.504863,9408885,929596,529
1771109685.626354,9408885,955334,519
1771109685.749069,9408885,970474,552
1771109685.871381,9408885,964000,561
1771109685.989601,9408886,950792,542
1771109686.108498,9408886,965932,559
1771109686.229665,9408886,984100,564
1771109686.349061,9408894,993184,575
1771109686.467637,9408897,920512,560
1771109686.586944,9408897,764570,437
1771109686.706849,9408897,838756,494
1771109686.825619,9408897,893260,535
1771109686.943960,9408897,911428,528
1771109687.069011,9408897,950792,564
1771109687.189716,9408897,955334,568
1771109687.308319,9408898,996212,581
1771109687.428964,9408902,961390,553
1771109687.549414,9408902,864494,474
1771109687.670209,9408902,875092,530
1771109687.788827,9408902,885690,507
1771109687.909525,9408902,899316,523
1771109688.029092,9408902,902344,533
1771109688.149276,9408902,903858,516
1771109688.268706,9408902,925054,542
1771109688.389024,9408902,908000,540
1771109688.511058,9408902,926568,551
1771109688.629972,9408902,932624,529
1771109688.749961,9408902,955334,563
1771109688.869188,9408902,964418,559
1771109688.992686,9408902,967446,579
1771109689.113937,9408902,973502,553
1771109689.237636,9408902,961390,562
1771109689.357936,9408902,971988,559
1771109689.478493,9408902,988642,596
1771109689.599460,9408902,978044,556
1771109689.718829,9408902,993184,577
1771109689.841184,9408903,991670,573
1771109689.961068,9408905,959876,562
1771109690.083831,9408905,930000,563
1771109690.205809,9408905,961390,561
1771109690.325963,9408905,973502,568
1771109690.450342,9408905,914456,529
1771109690.569263,9408905,811504,450
1771109690.689208,9408905,825130,475
1771109690.810682,9408905,917484,539
1771109690.934018,9408930,994698,570
1771109691.057806,9408931,787280,445
1771109691.177559,9408931,749430,447
1771109691.297312,9408931,811504,481
1771109691.419103,9408931,879634,524
1771109691.538155,9408931,881148,510
1771109691.658321,9408931,922026,544
1771109691.777580,9408931,941708,555
1771109691.898131,9408931,959876,569
1771109692.020960,9408948,991670,590
1771109692.142041,9408950,826644,499
1771109692.262338,9408950,773654,464
1771109692.381725,9408950,778196,463
1771109692.501172,9408950,811504,502
1771109692.620858,9408950,855410,517
1771109692.741971,9408950,846326,513
1771109692.862319,9408950,900830,554
1771109692.989329,9408950,931110,561
1771109693.113702,9408950,953820,584
1771109693.236502,9408951,997726,621
1771109693.360077,9408974,849544,533
1771109693.481382,9408974,685842,429
1771109693.601043,9408974,723692,449
1771109693.721188,9408974,738832,373
1771109693.841184,9408974,794850,387
1771109693.960992,9408974,788794,407
1771109694.079883,9408974,856924,438
1771109694.202288,9408974,893260,444
1771109694.325944,9408974,917484,453
1771109694.449066,9408977,991670,451
1771109694.567974,9408982,870550,434
1771109694.687940,9408982,856924,398
1771109694.809496,9408982,914456,421
1771109694.932132,9408982,926568,424
1771109695.051229,9408990,996212,421
1771109695.172109,9409002,820588,395
1771109695.293014,9409002,694926,299
1771109695.413905,9409002,720664,310
1771109695.537761,9409002,741860,323
1771109695.662711,9409002,852382,337
1771109695.785057,9409002,796364,350
1771109695.904077,9409002,888718,375
1771109696.022741,9409002,922026,389
1771109696.141562,9409002,947764,400
1771109696.262542,9409028,996212,385
1771109696.382004,9409031,761542,325
1771109696.504992,9409031,708552,285
1771109696.624682,9409031,704010,282
1771109696.744827,9409031,731262,301
1771109696.865714,9409031,855410,304
1771109696.986767,9409031,793336,303
1771109697.108177,9409031,864494,328
1771109697.231155,9409031,900830,338
1771109697.355135,9409031,938734,348
1771109697.479297,9409052,959876,335
1771109697.598562,9409052,817560,298
1771109697.720832,9409052,808476,290
1771109697.840365,9409052,822102,293
1771109697.959933,9409052,852382,313
1771109698.079203,9409053,964418,323
1771109698.201358,9409053,846326,322
1771109698.321838,9409053,909914,336
1771109698.443178,9409053,970474,341
1771109698.564923,9409060,993374,349
1771109698.684238,9409067,931110,313
1771109698.803214,9409067,788794,280
1771109698.922438,9409067,829672,296
1771109699.046127,9409067,856924,294
1771109699.165689,9409067,893260,312
1771109699.286843,9409080,973502,314
1771109699.407366,9409080,814532,307
1771109699.529786,9409080,873578,310
1771109699.649296,9409080,928082,328
1771109699.771199,9409080,964418,331
1771109699.894864,9409108,976530,314
1771109700.013782,9409108,791000,274
1771109700.136863,9409108,797878,269
1771109700.255997,9409108,813018,276
1771109700.376212,9409108,832700,288
1771109700.497341,9409113,978044,292
1771109700.617735,9409113,841784,269
1771109700.737499,9409113,909914,282
1771109700.855897,9409113,944736,279
1771109700.976524,9409113,982586,301
1771109701.099959,9409150,991670,276
1771109701.220539,9409150,781224,233
1771109701.339112,9409150,773654,283
1771109701.459570,9409150,776682,291
1771109701.577964,9409150,800906,299
1771109701.697534,9409150,981072,331
1771109701.816171,9409150,835728,334
1771109701.937003,9409150,922026,342
1771109702.057818,9409150,967446,362
1771109702.176882,9409154,991670,362
1771109702.296931,9409157,978044,377
1771109702.416937,9409157,838946,340
1771109702.537441,9409157,917484,344
1771109702.657656,9409157,973502,359
1771109702.778115,9409162,988642,381
1771109702.896513,9409163,979558,385
1771109703.017757,9409163,835728,378
1771109703.137530,9409163,928082,357
1771109703.257216,9409163,973502,376
1771109703.377590,9409167,991860,381
1771109703.498857,9409184,982586,389
1771109703.621062,9409184,378500,212
1771109703.745853,9409184,201362,116
1771109703.875190,9409184,227100,132
1771109704.000365,9409184,832700,339
1771109704.122072,9409184,862980,352
1771109704.247380,9409184,825130,355
1771109704.372006,9409184,779710,385
1771109704.495648,9409184,831186,379
1771109704.619321,9409184,817560,374
1771109704.741256,9409184,852382,390
1771109704.864042,9409184,875092,396
1771109704.988120,9409184,867712,410
1771109705.112089,9409184,853896,409
1771109705.235971,9409184,799392,394
1771109705.360283,9409184,826644,424
1771109705.482424,9409184,826644,417
1771109705.608003,9409184,841784,435
1771109705.732210,9409184,846516,441
1771109705.855945,9409184,856924,456
1771109705.980098,9409184,856924,443
1771109706.104163,9409184,806962,444
1771109706.228313,9409184,823616,440
1771109706.349403,9409184,811504,431
1771109706.472417,9409184,841784,449
1771109706.591282,9409184,861466,446
1771109706.710043,9409184,869036,467
1771109706.832709,9409184,873578,468
1771109706.952538,9409184,866008,473
1771109707.073063,9409184,896288,472
1771109707.193109,9409184,900830,481
1771109707.314217,9409184,881148,529
1771109707.442427,9409184,891746,533
1771109707.565702,9409184,897802,538
1771109707.690685,9409184,923540,557
1771109707.815451,9409184,915970,524
1771109707.942023,9409184,934138,570
1771109708.069183,9409184,959876,557
1771109708.189755,9409184,959876,572
1771109708.311695,9409184,925054,545
1771109708.430475,9409184,944736,558
1771109708.549373,9409186,991670,598
1771109708.672299,9409199,993184,576
1771109708.792545,9409199,820588,475
1771109708.914149,9409199,791000,465
1771109709.038070,9409199,828158,476
1771109709.162172,9409199,878120,515
1771109709.290930,9409199,872064,526
1771109709.413420,9409199,917674,524
1771109709.532789,9409199,947764,546
1771109709.652082,9409199,975016,577
1771109709.771097,9409199,982776,569
1771109709.894139,9409204,994698,568
1771109710.014326,9409211,930000,577
1771109710.138220,9409211,753972,452
1771109710.257302,9409211,749430,431
1771109710.380365,9409211,790308,462
1771109710.501779,9409211,791000,467
1771109710.627879,9409211,822102,444
1771109710.749726,9409211,811504,432
1771109710.873517,9409211,859952,458
1771109710.995067,9409211,850868,474
1771109711.117876,9409211,876606,458
1771109711.240171,9409211,875092,465
1771109711.366036,9409211,887204,493
1771109711.493131,9409211,878120,464
1771109711.617327,9409211,881148,414
1771109711.740055,9409211,902344,438
1771109711.864288,9409211,891746,430
1771109711.987017,9409211,900830,425
1771109712.112845,9409211,915970,446
1771109712.236750,9409211,922026,423
1771109712.358939,9409211,915970,432
1771109712.481078,9409211,908400,455
1771109712.603531,9409211,931110,425
1771109712.728445,9409211,929596,429
1771109712.852049,9409211,918998,442
1771109712.974177,9409218,920512,446
1771109713.100415,9409218,779710,362
1771109713.223714,9409218,817750,382
1771109713.349399,9409218,799392,363
1771109713.471944,9409218,856924,397
1771109713.597102,9409218,862980,396
1771109713.720907,9409218,875092,404
1771109713.844129,9409218,872064,426
1771109713.962892,9409218,711580,338
1771109714.087725,9409218,728234,359
1771109714.210447,9409218,749430,369
1771109714.329343,9409218,940194,433
1771109714.449923,9409218,976530,465
1771109714.573235,9409225,955334,431
1771109714.694152,9409225,829672,379
1771109714.817605,9409225,862980,417
1771109714.937336,9409225,885690,388
1771109715.057881,9409225,911428,408
1771109715.177365,9409225,938680,435
1771109715.297326,9409225,967446,436
1771109715.418304,9409226,991670,453
1771109715.542082,9409231,988642,438
1771109715.661820,9409276,840270,382
1771109715.785140,9409276,764570,332
1771109715.905684,9409276,826644,351
1771109716.027420,9409276,867522,367
